0.0035509433962264154
0.012944170212765957
0.0012170270270270263
0.0022624999999999998
0.010534098517455763
0.010523577235772357
0.002291425722831507
0.0018653679653679663
0.010183710407239819
0.004667163120567377
0.004667163120567377
0.002342857142857143
0.015763636363636365
0.003857777777777777
0.001609677419354839
0.00945
0.00945
0.0019275862068965522
0.0037791627906976753
0.00604561403508772
0.9824561403508772
0.03277586206896556
0.032775862068965544
0.04519047619047621
0.04874358974358976
0.04874358974358976
0.014357575757575751
0.00551358024691358
0.013925423728813559
0.004673469387755102
0.004673469387755102
0.001175438596491228
0.002134756928668786
0.008122310545839957
0.006992549019607844
0.014028903225806452
0.014028903225806452
0.014028903225806452
0.010628054298642534
0.01706696900982616
0.01368567741935484
0.013685677419354841
0.019819265306122446
0.00068955223880597
0.03065806451612902
0.01566909090909091
0.0019253731343283583
0.008975797933409874
0.013826086956521738
0.010935593220338978
0.015152727272727273
0.04268636363636362
0.030329069767441885
0.00582608695652174
0.04698500000000002
0.05930322580645159
0.04698500000000002
0.05930322580645159
0.058666666666666714
0.05433333333333337
0.05047027027027022
0.06563448275862065
0.05604444444444448
0.06522068965517237
0.05930322580645159
0.05930322580645159
0.05930322580645159
0.05930322580645159
0.011378723404255324
0.05930322580645159
0.002590254168690302
0.0019135802469135807
0.0019135802469135807
0.0019135802469135807
0.001913580246913581
0.00191358024691358
0.0019135802469135812
0.001913580246913581
0.0011884615384615378
0.0025107156525066964
0.001684188034188034
0.0016841880341880344
0.05930322580645159
0.059303225806451594
0.0012245614035087725
0.059303225806451594
0.007558490566037734
0.00677793679189028
0.026785714285714288
0.0010832148715144885
0.05930322580645159
0.0019135802469135807
0.05767878787878786
0.0514666666666667
0.05930322580645159
0.05930322580645159
0.05930322580645159
0.0008686567164179109
0.0007641791044776128
0.051762962962963004
0.05767878787878786
0.0021185185185185187
0.059303225806451594
0.0013976190476190477
0.0009692590324556025
0.0017616637323943653
0.05930322580645159
0.05153333333333337
0.053746153846153825
0.05930322580645159
0.05930322580645159
0.005004166666666667
0.010652380952380951
0.03353617021276598
0.005661269841269843
0.0027750383631713555
0.0027750383631713546
0.007512121212121209
0.01349206349206349
0.038918367346938765
0.00909795918367347
0.00792444444444445
0.014083333333333333
0.010469387755102044
0.0018575000000000002
0.002444897959183674
0.018083333333333347
0.002679872430900071
0.019799999999999988
0.0018611940298507465
0.00893448275862069
0.006308860759493672
0.009463157894736845
0.006152542372881356
0.006152542372881356
0.006152542372881357
0.003736111111111111
0.007292537313432836
0.007292537313432837
0.059303225806451594
0.05930322580645159
0.05258461538461537
0.05258461538461537
0.05258461538461537
0.05258461538461537
0.050714285714285705
0.059303225806451594
0.006708152734778122
0.004476923076923076
0.009354054054054055
0.009354054054054055
0.009354054054054055
0.009354054054054053
0.004523076923076923
0.004523076923076923
0.004523076923076923
0.0017384615384615381
0.0009736842105263155
0.0077
0.007700000000000001
0.008400000000000003
0.008058064516129032
0.008058064516129032
0.008058064516129032
0.008058064516129032
0.0024852941176470586
0.0024852941176470586
0.0024852941176470586
0.002485294117647059
0.002485294117647058
0.0024852941176470586
0.004409999999999999
0.004410000000000001
0.015408955223880604
0.004082142857142857
0.0010477611940298516
0.0010477611940298511
0.0010477611940298513
0.005256539074960126
0.002516129032258064
0.001983064164120471
0.001983064164120471
0.001945080500894454
0.0019450805008944545
0.001945080500894454
0.0019450805008944538
0.0019450805008944538
0.007855072463768115
0.007855072463768115
0.0018211764705882362
0.001821176470588236
0.004767272727272727
0.009290625
0.007358823529411762
0.007358823529411763
0.009530158730158729
0.006138613861386138
0.001328888888888888
0.002246808510638297
0.0025171023965141594
0.00251710239651416
0.0025171023965141594
0.0025171023965141585
0.002517102396514159
0.002517102396514159
0.0025171023965141594
0.0025171023965141585
0.0025171023965141585
0.0040841491841491825
0.01624188034188034
0.0067661874640598035
0.009203100775193795
0.00832093023255814
0.05930322580645159
0.001205714285714286
0.05930322580645159
0.05930322580645159
0.0019763916834339376
0.0015874825174825172
0.059303225806451594
0.967741935483871
0.05930322580645159
0.059303225806451594
0.037345833333333356
0.0018025000000000005
0.0018025000000000005
0.0018025000000000003
0.0018025
0.0018025000000000005
0.009290625000000002
0.0020588235294117644
0.004368067226890757
0.002933333333333333
0.018920930232558142
0.01765454545454545
0.01816279069767442
0.01810454545454545
0.0018025
0.0018025000000000003
0.004625352112676057
0.0018024999999999998
0.02252653061224491
0.014138775510204087
0.010858333333333341
0.0022222222222222227
0.004628571428571429
0.01696279069767443
0.017120833333333342
0.005667179487179487
0.010860869565217389
0.012372755417956656
0.005195348837209302
0.003536742424242424
0.024177949709864595
0.05930322580645159
0.00458857142857143
0.042916666666666645
0.32512108843537413
0.03188355263157897
0.007366666666666666
0.002625000000000001
0.002625
0.002625
0.002625
0.002625000000000001
0.002625000000000001
0.002625
0.05930322580645159
0.05930322580645159
0.06385581395348836
0.0008591549295774647
0.012085964912280703
0.021438181818181815
0.06375575447570334
0.014121885995777617
0.0024387096774193544
0.02674647887323942
0.0036687499999999997
0.987012987012987
0.007328260869565218
0.0015421686746987945
0.017799999999999983
0.0013666666666666669
0.0016791666666666658
0.003253658536585366
0.0778111111111111
0.008734883720930234
0.0009782608695652166
0.0012129032258064516
0.01252121212121212
0.024764383561643885
0.0017187500000000004
0.005602716468590833
0.0010896551724137932
0.019726315789473703
0.0018266666666666672
0.0020865061335756463
0.003443835616438357
0.07763974358974363
0.004402173913043478
0.05930322580645159
0.059303225806451594
0.01075263157894737
0.0593032258064516
0.05930322580645159
0.05930322580645159
0.05074814814814818
0.05930322580645159
0.05930322580645159
0.05930322580645159
0.05930322580645159
0.05506923076923076
0.05930322580645159
0.05930322580645159
0.05930322580645159
0.0038508474576271186
0.011071428571428576
0.030057142857142907
0.007548010335917313
0.004981481481481482
0.0032820512820512827
0.006009803921568627
0.004617142857142858
0.002647272727272727
0.0015058823529411768
0.011870270270270267
0.006405128205128204
0.004513888888888889
0.005662020905923347
0.0007176470588235298
0.010078431372549016
0.031988000000000016
0.019249797979797978
0.05930322580645159
0.010083333333333335
0.012600000000000004
0.01488229813664596
0.02687261904761907
0.09033194444444448
0.001877777777777779
0.020364444444444445
0.06139420289855074
0.0638524296675192
0.07059521276595745
0.06135555555555557
0.03948020202020199
0.026797460317460324
0.03252332979851539
0.0051752525252525255
0.023566910299003326
0.018179076086956524
0.005791304347826087
0.0070599999999999994
0.006636363636363637
0.008881818181818182
0.007702325581395349
0.009461689291101055
0.013133516483516482
0.004313387806411061
0.01364942528735632
0.00883404255319149
0.007954411764705885
0.00880049019607843
0.03837142857142859
0.05930322580645159
0.008135168961201502
0.01254545454545454
0.006695652173913044
0.059303225806451594
0.06151666666666669
0.04034782608695651
0.006405128205128206
0.004617142857142857
0.0014923076923076923
0.0011576923076923073
0.0019134328358208954
0.001572839506172839
0.001605263157894736
0.0016052631578947364
0.0016052631578947364
0.007097777777777778
0.0012736090225563892
0.018771688311688316
0.017628205128205125
0.017487500000000013
0.030822222222222244
0.003914229249011858
0.005805
0.007738095238095238
0.009890909090909087
0.005283380601247874
0.009244897959183672
0.0013354838709677412
0.0008157894736842106
0.0006210526315789482
0.001780000000000002
0.02282682926829269
0.11432415458937202
0.003604651162790698
0.006792210526315789
0.003937777777777778
0.09482653061224494
0.0015699999999999991
0.042106666666666695
0.015941969831410815
0.007059574468085111
0.0011
0.001171428571428571
0.003008000000000001
0.0009464788732394367
0.004082572227399815
0.0011205479452054785
0.015723684210526327
0.027151111111111126
0.011596521739130436
0.04032005012531332
0.004437037037037037
0.028260869565217398
0.016722408026755852
0.01631363636363636
0.00476529933481153
0.0013241379310344813
0.0014600000000000017
0.016948837209302327
0.0013255813953488374
0.002554965753424656
0.004506976744186048
0.013206162876008802
0.03130638297872343
0.0018666666666666664
0.041609302325581424
0.0011032258064516132
0.0017250000000000006
0.03495094339622641
0.030583333333333337
0.01872663829787234
0.008368239202657807
0.03106521739130434
0.04182727272727271
0.0018227272727272725
0.007250980392156864
0.0024333333333333334
0.004674418604651163
0.005210714285714286
0.00698840579710145
0.0007555555555555558
0.007791489361702128
0.0024987012987013
0.019931914893617036
0.009522727272727273
0.00455
0.035759183673469405
0.0037921568627450985
0.025733333333333348
0.006461333333333333
0.006463999999999999
0.0009521739130434784
0.0073457142857142835
0.006134177215189873
0.02784526829268293
0.008874509803921573
0.0024387096774193544
0.018017021276595754
0.006997014925373135
0.004402173913043478
0.0036094298245614035
0.004676744186046512
0.9863013698630136
0.02674647887323942
0.006991304347826087
0.01562632135306554
0.005008333333333335
0.0018224101479915446
0.009930434782608697
0.0061367088607594935
0.02646250000000002
0.0019469387755102054
0.021355555555555572
0.008734883720930231
0.015915151515151514
0.005210714285714286
0.03407234042553194
0.024618181818181824
0.003407947530864196
0.008298412698412699
0.008681632653061225
0.007328260869565217
0.002426470588235294
0.005482456140350878
0.007345714285714285
0.0017791666666666665
0.009546874999999998
0.03487963800904978
0.9814814814814815
0.006879069767441861
0.02411666666666669
0.0035840163934426246
0.015723684210526324
0.001686046511627907
0.010606060606060607
0.004710638297872341
0.019726315789473703
0.0025012987012987017
0.019909391304347837
0.003443835616438357
0.008975797933409874
0.017799999999999986
0.017525000000000016
0.00535820895522388
0.008805128205128205
0.0022251966122202056
0.0029098191214470288
0.01021176470588236
0.004450517598343686
0.0065171428571428585
0.014154545454545453
0.018309090909090903
0.021599999999999994
0.14908961038961044
0.026826315789473688
0.007543421052631579
0.005346666666666668
0.008152190237797247
0.9824561403508771
0.015725307950727883
0.015395918367346946
0.006670779220779221
0.04123043478260868
0.018693877551020418
0.008163265306122448
0.028471111111111135
0.007293877551020407
0.028262222222222237
0.0037511111111111117
0.004085106382978723
0.006244943820224718
0.006244943820224718
0.029209230769230723
0.9846153846153847
0.9846153846153847
0.9846153846153847
0.9846153846153847
0.9846153846153847
0.9846153846153847
0.9846153846153847
0.0018025000000000005
0.002821818181818181
0.0027600000000000007
0.01837142857142858
0.05930322580645159
0.006100874367234239
0.00844344904815229
0.0052734693877551034
0.01136410256410257
0.01597272727272727
0.01836363636363636
0.02434140271493213
0.0037764705882352935
