0.0037076923076923094
0.012038477088948788
0.0024038852578068233
0.002849430569430567
0.010222948328267478
0.01022686335403727
0.002587991718426501
0.0015685599732709666
0.008487621573828468
0.004103846153846154
0.004103846153846154
0.0029369866975130126
0.01579649122807018
0.003768888888888889
0.0010222222222222225
0.007108860759493673
0.0071088607594936735
0.0008620689655172417
0.0039212765957446815
0.006446666666666668
0.9836065573770492
0.030606451612903214
0.030606451612903214
0.04399534883720934
0.04866153846153848
0.04991052631578945
0.016790322580645153
0.005346478873239436
0.017587234042553197
0.007295652173913044
0.0072956521739130425
0.0009692307692307695
0.004945054945054946
0.011658700209643606
0.010943319838056678
0.012533011583011578
0.012533011583011578
0.012533011583011578
0.010428896103896102
0.013964848484848484
0.011868219944082008
0.01186821994408201
0.01578052995391705
0.003615819209039549
0.030114285714285764
0.016457692307692312
0.001828777777777778
0.008428932261768083
0.014043478260869565
0.009183098591549295
0.015484210526315793
0.04192444444444447
0.031028571428571457
0.00585
0.052183333333333345
0.0660142857142857
0.052183333333333345
0.06601428571428569
0.06002962962962967
0.05563703703703708
0.05663636363636362
0.06787857142857143
0.05725185185185189
0.0679142857142857
0.06601428571428569
0.06601428571428569
0.0660142857142857
0.06601428571428569
0.014486363636363629
0.06601428571428569
0.0029985007496251873
0.0028027397260273978
0.002802739726027398
0.0028027397260273986
0.0028027397260273978
0.002802739726027398
0.002802739726027398
0.002802739726027398
0.0008068965517241379
0.0021541149425287347
0.0009926870271784814
0.0009926870271784812
0.0660142857142857
0.0660142857142857
0.0009107692307692303
0.06601428571428569
0.006227118644067795
0.005897886178861791
0.023870417732310314
0.0008800000000000001
0.0660142857142857
0.002802739726027398
0.0576242424242424
0.0531703703703704
0.0660142857142857
0.06601428571428569
0.06601428571428569
0.0012616842105263146
0.001258245614035086
0.052437037037037074
0.0576242424242424
0.0019260273972602747
0.06601428571428569
0.0014298507462686561
0.003311166253101738
0.00472334682860999
0.0660142857142857
0.054276923076923056
0.05586923076923074
0.06601428571428569
0.0660142857142857
0.005299999999999999
0.0115019955654102
0.0319791666666667
0.004413953488372093
0.003756708407871195
0.0037567084078711944
0.0077763975155279545
0.011010569663692519
0.03907089947089951
0.008969565217391303
0.007131914893617024
0.014327659574468084
0.01050943396226415
0.001838356164383562
0.0016085106382978723
0.015403921568627464
0.0020984615384615378
0.022157894736842137
0.002364912280701755
0.008206451612903225
0.00583421052631579
0.008644827586206898
0.005149152542372882
0.005149152542372882
0.005149152542372882
0.003228125
0.006663013698630137
0.006663013698630137
0.06601428571428569
0.0660142857142857
0.054353846153846135
0.054353846153846135
0.05435384615384613
0.05435384615384613
0.05629230769230767
0.0660142857142857
0.0047916451335055996
0.0034817391304347825
0.009667532467532469
0.009667532467532469
0.009667532467532467
0.009667532467532467
0.0034156521739130427
0.0034156521739130427
0.0034156521739130427
0.0011423728813559316
0.005996228956228955
0.00743125
0.00743125
0.008660869565217392
0.006663492063492064
0.006663492063492064
0.006663492063492063
0.006663492063492063
0.001759493670886076
0.0017594936708860756
0.0017594936708860754
0.0017594936708860754
0.001759493670886075
0.0017594936708860756
0.0035270270270270276
0.003527027027027027
0.013894444444444442
0.002410344827586207
0.002238003220611914
0.002238003220611914
0.002238003220611914
0.004094252873563218
0.0008299999999999997
0.0011873015873015865
0.0011873015873015865
0.0014253521126760557
0.0014253521126760566
0.0014253521126760562
0.0014253521126760562
0.0014253521126760566
0.007734285714285714
0.0077342857142857135
0.0014584615384615383
0.0014584615384615378
0.004196666666666666
0.009157894736842104
0.006863636363636362
0.006863636363636363
0.008375757575757575
0.008205882352941177
0.0014888888888888881
0.002617391304347826
0.001753869047619048
0.0017538690476190484
0.0017538690476190482
0.0017538690476190482
0.0017538690476190477
0.001753869047619048
0.001753869047619048
0.0017538690476190477
0.0017538690476190482
0.0034103896103896106
0.016259829059829062
0.006776028202115157
0.0077454172366621075
0.008209302325581395
0.06601428571428569
0.004646153846153849
0.06601428571428569
0.06601428571428569
0.005036630036630038
0.0017681790683605567
0.0660142857142857
0.9642857142857143
0.06601428571428569
0.0660142857142857
0.03779148936170215
0.0013863013698630147
0.0013863013698630145
0.0013863013698630145
0.0013863013698630145
0.0013863013698630143
0.009157894736842104
0.003406249999999999
0.003605535714285714
0.002795744680851064
0.020117073170731713
0.019028571428571433
0.0185953488372093
0.019271428571428578
0.0013863013698630147
0.0013863013698630147
0.004684507042253522
0.0013863013698630145
0.0194269230769231
0.01301509433962264
0.014688372093023268
0.001672727272727273
0.0041625
0.014534883720930246
0.018204255319148946
0.007447864945382323
0.012230434782608691
0.011494505494505492
0.004272727272727272
0.0027887814313346236
0.02220166512488436
0.06601428571428569
0.004108571428571429
0.04845019762845847
0.32490496453900714
0.042814673913043486
0.007139726027397262
0.000882758620689655
0.0008827586206896548
0.0008827586206896549
0.0008827586206896547
0.0008827586206896545
0.0008827586206896546
0.000882758620689655
0.0660142857142857
0.0660142857142857
0.05955555555555554
0.0010615384615384619
0.012031065468549424
0.021439610389610383
0.06022444444444446
0.01322
0.001547945205479452
0.027814705882352894
0.003341304347826088
0.9875
0.008321052631578948
0.0012073170731707317
0.016580281690140843
0.0017548387096774196
0.0027041666666666672
0.015248648648648633
0.07872340425531915
0.008501234567901235
0.0012920000000000002
0.0016250000000000004
0.013665773809523812
0.02557746478873238
0.0019562499999999997
0.004738015607580824
0.0010857142857142853
0.01647076923076922
0.001529032258064516
0.003623188405797101
0.003151111111111111
0.045282894736842105
0.003063793103448275
0.0660142857142857
0.06601428571428569
0.00963733924611973
0.06601428571428569
0.06601428571428569
0.06601428571428569
0.0533153846153846
0.0660142857142857
0.06601428571428569
0.0660142857142857
0.06601428571428569
0.052735714285714275
0.0660142857142857
0.0660142857142857
0.06601428571428569
0.00181904761904762
0.010930232558139543
0.029196923076923027
0.0071028019323671485
0.004597222222222223
0.0022757575757575764
0.00601764705882353
0.004681690140845071
0.003352542372881356
0.0025740259740259733
0.008470000000000002
0.005760526315789475
0.004080839486980179
0.006945863125638406
0.001254647983595352
0.008337092731829573
0.026177777777777776
0.018647430830039526
0.06601428571428569
0.012225531914893622
0.011271428571428578
0.013331818181818179
0.022435897435897433
0.07999999999999999
0.0053613053613053635
0.02058666666666667
0.056189868287740675
0.05766021276595749
0.06058333333333338
0.055067261904761945
0.038580303030303006
0.024701538461538473
0.030165217391304337
0.004789473684210526
0.0223654054054054
0.016090651192778842
0.005506382978723404
0.006013488372093024
0.005708113695090438
0.009060465116279072
0.007933333333333332
0.00888506787330317
0.01245375939849624
0.004105216844751729
0.01529790660225443
0.008568181818181819
0.008182941176470592
0.007604965243296922
0.038248979591836756
0.0660142857142857
0.009510869565217394
0.01197443181818182
0.007672727272727271
0.0660142857142857
0.05552006688963206
0.040291304347826074
0.005760526315789473
0.004681690140845071
0.0018290909090909093
0.0013928571428571427
0.0017613193943763527
0.001051685393258426
0.0008571428571428573
0.0008571428571428575
0.0008571428571428573
0.006684444444444444
0.004702461538461541
0.01673840985442328
0.017628205128205128
0.021831111111111128
0.029458333333333357
0.004065217391304349
0.006050000000000002
0.006711971104231166
0.007886363636363634
0.004890813953488373
0.00975294117647059
0.0016999999999999997
0.0023871794871794874
0.0022782608695652187
0.0014129032258064541
0.02317037037037042
0.10337106382978721
0.004441860465116279
0.0065559577677224735
0.003982222222222223
0.07232752941176472
0.002348468158347675
0.042133333333333356
0.014252000000000011
0.005676595744680855
0.004635989010989011
0.0019149206349206361
0.003507407407407407
0.006890611541774334
0.0024987012987012984
0.0020591982665222087
0.016895890410958923
0.026946666666666685
0.01226544061302682
0.04081787025703797
0.004524528301886793
0.0241779497098646
0.013977950310559007
0.018200000000000004
0.004663589743589745
0.0015733333333333328
0.0016387096774193547
0.016999999999999998
0.001897560975609756
0.0037896815676668723
0.004595454545454544
0.012290881226053634
0.03169999999999999
0.001905882352941176
0.03781363636363634
0.0015625
0.00196875
0.033171428571428616
0.03112880434782609
0.021739130434782605
0.007844025974025974
0.02795416666666669
0.04168636363636362
0.0013608695652173913
0.008302040816326533
0.0019977272727272725
0.0044756097560975615
0.004177049180327869
0.006457534246575344
0.0006999999999999987
0.008635555555555556
0.0036219178082191788
0.01925652173913043
0.008965378151260504
0.004470833333333334
0.038060869565217384
0.0036555555555555564
0.025536170212765965
0.005708641975308642
0.005708641975308642
0.0013159999999999992
0.006999999999999999
0.00569620253164557
0.04982466216216216
0.006670588235294119
0.005059442270058707
0.01514693877551021
0.007005479452054796
0.0030637931034482747
0.002513964950711937
0.0044756097560975615
0.9859154929577465
0.027814705882352894
0.006457534246575344
0.015389206349206349
0.004575510204081633
0.0022546583850931675
0.010240816326530611
0.005696202531645569
0.02602040816326532
0.001925000000000001
0.0215688888888889
0.008501234567901233
0.015254285714285705
0.0041770491803278685
0.03332340425531917
0.02368749999999996
0.00250576923076923
0.006565625
0.008842553191489362
0.008321052631578948
0.0012784810126582277
0.004599591836734695
0.007000000000000001
0.0014125000000000008
0.00929655172413793
0.03293631436314364
0.12963898305084745
0.006823255813953487
0.026330434782608686
0.014771460423634338
0.016895890410958923
0.0008738461538461539
0.0083081038552321
0.005186666666666668
0.016470769230769216
0.003621917808219179
0.02363320158102765
0.003151111111111112
0.008428932261768083
0.016580281690140843
0.01618260869565217
0.005096969696969697
0.007809999999999998
0.0010857142857142858
0.0008838709677419359
0.00989411764705883
0.005461145774248439
0.005999999999999999
0.014000000000000007
0.018272727272727267
0.024946341463414644
0.10935999999999997
0.028163612392880687
0.0072677777777777775
0.003651063829787234
0.008084040404040404
0.4853709677419355
0.016528146453089244
0.011552000000000005
0.006754285714285714
0.04020000000000003
0.015889795918367356
0.007738571428571429
0.026830434782608693
0.008595555555555554
0.02309130434782608
0.0043500000000000014
0.003558333333333333
0.006986486486486487
0.006986486486486487
0.03214237288135589
0.9830508474576272
0.9830508474576272
0.9830508474576272
0.9830508474576272
0.9830508474576272
0.9830508474576272
0.9830508474576272
0.001386301369863015
0.0023755555555555552
0.0026711111111111115
0.01319622641509434
0.06601428571428569
0.006058333333333333
0.007278483835005577
0.005040000000000003
0.008805000000000004
0.016120035778175314
0.020483720930232575
0.02927794601711651
0.0026555555555555555
