0.0421777777777778
0.029853968253968306
0.023135897435897397
0.008602439024390245
0.03105245901639346
0.031055737704918047
0.029947540983606573
0.013135384615384594
0.030590322580645153
0.025904109589041147
0.025904109589041144
0.01770555555555554
0.017390243902439026
0.026295833333333334
0.004107692307692307
0.012266666666666665
0.012270370370370369
0.011320000000000002
0.0041
0.014904918032786887
0.028958730158730208
0.9803921568627451
0.9803921568627451
0.9824561403508771
0.9861111111111112
0.9859154929577465
0.983050847457627
0.04682777777777783
0.021744444444444448
0.011906470106470104
0.011906470106470104
0.01889814563545906
0.01984117647058821
0.02750000000000001
0.026800000000000025
0.029828571428571475
0.029828571428571475
0.029828571428571475
0.03095737704918034
0.029663492063492114
0.02984126984126989
0.02984126984126989
0.031179310344827613
0.006721052631578947
0.02301951219512196
0.01469268292682927
0.007785507246376813
0.00826060606060606
0.01203181818181818
0.011029166666666668
0.01663
0.003254545454545455
0.04119565217391303
0.14446139817629183
0.049362153846153826
0.09101212121212124
0.04936215384615382
0.09101212121212124
0.007271000000000003
0.007836
0.04970055172413796
0.007421913043478261
0.007699333333333332
0.007115130434782608
0.09101212121212124
0.09101212121212124
0.09101212121212124
0.09101212121212124
0.01968190476190476
0.09101212121212124
0.007715789473684211
0.005172916666666668
0.005172916666666667
0.005172916666666667
0.005172916666666667
0.005172916666666668
0.005172916666666668
0.005172916666666668
0.009119402985074626
0.009119402985074628
0.009080597014925373
0.009080597014925371
0.09101212121212124
0.09101212121212124
0.012528358208955242
0.09101212121212124
0.009490909090909092
0.014171428571428578
0.00824255319148936
0.009850000000000006
0.09101212121212124
0.005172916666666668
0.012363888888888886
0.008627898550724638
0.09101212121212124
0.09101212121212124
0.09101212121212124
0.006594366197183099
0.006668571428571428
0.00818586956521739
0.01236388888888889
0.005185263157894739
0.09101212121212124
0.004940384615384616
0.006712121212121213
0.006909090909090908
0.09101212121212124
0.007395130434782607
0.008836594202898552
0.09101212121212124
0.09101212121212124
0.02461033634126333
0.007196778647031754
0.011182978723404263
0.00595925925925926
0.006528000000000001
0.006528
0.003959866220735786
0.016074812593703133
0.00359354066985646
0.005777803335250142
0.0071895424836601295
0.006991304347826087
0.012818716577540107
0.005358333333333333
0.12075416666666666
0.02177885375494071
0.006768571428571428
0.00540597014925373
0.007534482758620691
0.012529824561403512
0.008651948051948053
0.01236896551724138
0.010707936507936508
0.010707936507936508
0.010707936507936508
0.00808
0.008277966101694916
0.008277966101694916
0.09101212121212124
0.09101212121212124
0.007082575757575756
0.007082575757575756
0.007082575757575757
0.007082575757575755
0.006592424242424243
0.09101212121212124
0.008367494089834514
0.0026278481012658233
0.0035319999999999995
0.0035320000000000004
0.0035319999999999995
0.0035319999999999995
0.002926582278481013
0.0029265822784810135
0.002926582278481013
0.008761290322580646
0.005775609756097562
0.007346268656716419
0.007346268656716417
0.005633333333333334
0.009545762711864407
0.009545762711864405
0.009545762711864407
0.009545762711864407
0.008246153846153847
0.008246153846153847
0.008246153846153847
0.008246153846153846
0.008246153846153846
0.008246153846153847
0.0039649122807017545
0.0039649122807017545
0.008769834087481148
0.005060714285714287
0.007906060606060606
0.007906060606060606
0.007906060606060606
0.01155625
0.013785294117647054
0.010755882352941178
0.010755882352941178
0.011133333333333334
0.011133333333333334
0.011133333333333334
0.011133333333333334
0.011133333333333334
0.00767142857142857
0.00767142857142857
0.008469662921348313
0.008469662921348313
0.00696923076923077
0.008412499999999998
0.006730158730158732
0.006730158730158732
0.008659649122807018
0.005187179487179488
0.02495111111111113
0.00344090909090909
0.007897058823529412
0.00789705882352941
0.007897058823529412
0.007897058823529412
0.007897058823529412
0.007897058823529412
0.007897058823529412
0.007897058823529412
0.007897058823529412
0.003725
0.04219555555555558
0.03699999999999999
0.018883720930232557
0.02470943396226415
0.09101212121212124
0.0062106666666666656
0.09101212121212124
0.09101212121212124
0.006872727272727271
0.010796226415094338
0.09101212121212124
0.02846666666666671
0.09101212121212124
0.09101212121212124
0.9772727272727273
0.005455319148936169
0.00545531914893617
0.005455319148936169
0.005455319148936169
0.005455319148936169
0.0084125
0.008422857142857143
0.0033846153846153844
0.01446109422492401
0.0062682926829268305
0.006119047619047621
0.006380952380952385
0.00606666666666667
0.005455319148936169
0.005455319148936171
0.008806451612903225
0.005455319148936172
0.04095054347826087
0.02823777777777778
0.01299805194805195
0.002570833333333334
0.0031280952380952384
0.008210888610763453
0.027272727272727268
0.03934999999999998
0.018473913043478254
0.019778723404255332
0.0034188034188034184
0.005712820512820512
0.003260869565217391
0.09101212121212124
0.003461538461538461
0.008282828282828284
0.005956256921373201
0.007201045751633987
0.008240677966101695
0.01580322580645161
0.015803225806451607
0.01580322580645161
0.01580322580645161
0.01580322580645161
0.01580322580645161
0.01580322580645161
0.09101212121212124
0.09101212121212124
0.007382608695652174
0.00686969696969697
0.011612244897959183
0.006104665959703075
0.04009090909090907
0.03572075471698113
0.013777777777777778
0.9836065573770492
0.006349397590361447
0.05390110537951361
0.015420338983050844
0.005130769230769232
0.010874418604651164
0.0011741935483870964
0.011155102040816326
0.007233333333333325
0.013347169811320754
0.0024487804878048774
0.0012382978723404253
0.0011032258064516125
0.03800000000000001
0.9777777777777779
0.0015000000000000015
0.007690624999999999
0.011102941176470588
0.009188235294117645
0.0014666666666666671
0.0070776119402985085
0.009418666666666667
0.015613953488372101
0.002938461538461539
0.09101212121212124
0.09101212121212124
0.07104090909090913
0.09101212121212124
0.09101212121212124
0.09101212121212124
0.008292028985507243
0.09101212121212124
0.09101212121212124
0.09101212121212124
0.09101212121212124
0.007971333333333334
0.09101212121212124
0.09101212121212124
0.09101212121212124
0.002984374999999999
0.24253666666666665
0.008295774647887324
0.03434000000000001
0.010065671641791044
0.005374683544303796
0.005954605263157894
0.008577777777777776
0.009377419354838708
0.006874621848739499
0.0050824114720515075
0.008557894736842105
0.006087323943661974
0.00881290322580645
0.006685714285714284
0.009338333333333332
0.04015555555555558
0.015000000000000006
0.09101212121212124
0.015301960784313742
0.05608974358974359
0.04140465116279073
0.03909333333333336
0.005080000000000001
0.006827272727272727
0.015908695652173906
0.02286808510638299
0.025273913043478254
0.026352173913043474
0.030773333333333354
0.015955102040816332
0.010908000000000003
0.024544
0.03201739130434781
0.015869387755102046
0.01588444444444444
0.03192173913043477
0.007046808510638298
0.008275
0.00897872340425532
0.009838297872340427
0.009089361702127662
0.019436734693877564
0.02595319148936172
0.013719148936170216
0.007554716981132075
0.02047727272727272
0.011452012012012012
0.17229777777777777
0.09101212121212124
0.035947712418300665
0.006835555555555554
0.006156521739130433
0.09101212121212124
0.002345454545454545
0.04402090909090909
0.008557894736842105
0.008577777777777776
0.007472390037095919
0.004071698113207547
0.00777391304347826
0.004920987654320988
0.006066666666666666
0.006066666666666666
0.0060666666666666655
0.013430884557721134
0.006213513513513511
0.016230706521739132
0.003969565217391304
0.014962758620689656
0.031354983202687585
0.0011404255319148932
0.01380534759358289
0.04030055555555556
0.007511080711354308
0.005555555555555556
0.02958094357076779
0.0011933333333333323
0.008127586206896553
0.008239999999999999
0.0013124999999999999
0.004050793650793651
0.03557391304347825
0.02989787234042555
0.007205909090909091
0.013401666666666666
0.025577777777777796
0.007539130434782609
0.04753973856209151
0.009846111111111111
0.05806223776223773
0.005974117647058823
0.006197752808988763
0.04211555555555559
0.005171084337349399
0.007273684210526315
0.005896551724137931
0.017761702127659575
0.01251304347826087
0.0336438775510204
0.017827272727272726
0.0037471739130434775
0.005023887814313347
0.006940425531914898
0.040274418604651196
0.0037877551020408166
0.0010812500000000004
0.0012387096774193538
0.006088372093023259
0.03203404255319151
0.007432835820895521
0.010559046283309958
0.009223838383838383
0.05342382978723403
0.007597391304347827
0.011508695652173908
0.0010774193548387103
0.0013741935483870973
0.02020392156862747
0.03181777777777779
0.039768888888888916
0.0019742424242424235
0.04870129870129869
0.022619047619047622
0.0026340425531914896
0.08430535117056852
0.007545714285714284
0.00639268292682927
0.0071931848852901485
0.007298461538461538
0.00786268656716418
0.024370833333333355
0.010450746268656715
0.007564166666666666
0.0052208333333333325
0.026262222222222235
0.07778123076923073
0.004799999999999999
0.011273333333333333
0.005767647058823529
0.005767647058823529
0.0011574468085106381
0.007997014925373132
0.008412903225806453
0.007231249999999993
0.030330434782608676
0.013777777777777778
0.02310515297906605
0.008051948051948053
0.002938461538461539
0.007548571428571427
0.006395121951219513
0.041426666666666695
0.9836065573770492
0.007298461538461537
0.03765132275132276
0.030446549707602338
0.002638297872340426
0.0014458333333333341
0.008412903225806451
0.0012510638297872339
0.9787234042553191
0.0592220779220779
0.005348737697903298
0.01885369532428356
0.006938461538461541
0.009125205611998066
0.03131186440677962
0.007862686567164181
0.009731034482758619
0.03314117647058827
0.01542033898305084
0.00838974358974359
0.03558297872340428
0.007997014925373136
0.008104655870445343
0.00855873015873016
0.019430882352941176
0.005640133500208596
0.01632857142857142
0.036604347826086944
0.006349397590361447
0.01751091283459163
0.008765517241379311
0.02412000000000001
0.005108695652173914
0.008153488372093023
0.010450746268656717
0.03767500000000003
0.009418666666666665
0.008260606060606059
0.010874418604651163
0.009378723404255326
0.00473720930232558
0.01996320413436693
0.011102941176470588
0.010722388059701493
0.0072595744680851075
0.009043137254901962
0.008838805970149254
0.0058000000000000005
0.0054604651162790735
0.0017708333333333337
0.01412307692307693
0.013514285714285717
0.01874666666666668
0.030641860465116307
0.007634782608695651
0.013058823529411777
0.016093617021276603
0.02960551020408165
0.06934222222222222
0.12460666666666667
0.02287200000000001
0.02867272727272726
0.00946054945054945
0.0366769604863222
0.002473913043478261
0.009600000000000004
0.0072999999999999975
0.005927272727272727
0.005927272727272726
0.00683451536643026
0.00788333333333334
0.0076869565217391285
0.0135203007518797
0.00459208045254557
0.03660130718954249
0.017632242225859237
0.004613154960981049
0.005455319148936169
0.026299224806201574
0.0072507246376811605
0.01612892040977149
0.09101212121212124
0.004284444444444445
0.0072490196078431384
0.01463019157088122
0.03812230392156862
0.01609787234042554
0.022058823529411763
0.00972444444444445
0.007819512195121952
