0.043099999999999986
0.022515662650602446
0.023638961038961043
0.009532467532467535
0.023931645569620213
0.023921518987341732
0.026504347826086915
0.012232432432432421
0.028703030303030293
0.024871052631578988
0.024871052631578988
0.019423880597014942
0.01916756756756756
0.026582978723404246
0.004322580645161291
0.012428070175438597
0.012428070175438595
0.012748387096774193
0.003298245614035089
0.012283783783783784
0.028070769230769184
0.9811320754716981
0.9811320754716981
0.9814814814814814
0.9852941176470589
0.9855072463768116
0.9821428571428571
0.0718968253968254
0.021308108108108098
0.013285024154589372
0.013285024154589374
0.01994754098360657
0.022842622950819683
0.023993103448275883
0.02375932203389828
0.022426506024096418
0.022426506024096418
0.022426506024096418
0.02355999999999996
0.02230361445783136
0.02312345679012351
0.02312345679012351
0.023082051282051246
0.00763768115942029
0.027330434782608652
0.018108108108108104
0.008720634920634922
0.008368115942028985
0.014985714285714293
0.012750000000000001
0.01718888888888889
0.0032618181818181826
0.04027234042553194
0.10791022222222227
0.07301951219512198
0.22836515151515152
0.07301951219512198
0.22836515151515152
0.01061904761904762
0.008727272727272726
0.09472820512820515
0.0109717868338558
0.008794612794612792
0.010971786833855801
0.22836515151515152
0.22836515151515152
0.22836515151515152
0.22836515151515152
0.018790769230769232
0.22836515151515152
0.008017721518987341
0.005932500000000001
0.005932500000000002
0.005932500000000001
0.005932500000000002
0.005932500000000001
0.005932500000000001
0.005932500000000002
0.009441666666666668
0.009441666666666668
0.009295890410958903
0.009295890410958903
0.22836515151515152
0.22836515151515152
0.013050000000000018
0.22836515151515152
0.011045320197044333
0.013876190476190483
0.008846808510638298
0.008787301587301588
0.22836515151515152
0.005932500000000002
0.01516363636363636
0.010046
0.22836515151515152
0.22836515151515152
0.22836515151515152
0.006083720930232558
0.006065116279069768
0.010028000000000002
0.01516363636363636
0.006845
0.22836515151515152
0.006935897435897436
0.007252307692307692
0.007962499999999999
0.22836515151515152
0.010038000000000002
0.009234432234432235
0.22836515151515152
0.22836515151515152
0.022435897435897436
0.007815000000000003
0.011247826086956519
0.005433333333333333
0.007146153846153846
0.007146153846153847
0.0037508510638297877
0.018492844364937377
0.00321187270501836
0.006557565011820331
0.006864472049689442
0.007235555555555556
0.014140181818181817
0.006853164556962026
0.07749090909090912
0.020380390417036383
0.006365116279069768
0.005268656716417911
0.008955555555555557
0.013705454545454547
0.00812820512820513
0.013482142857142863
0.011853731343283585
0.011853731343283585
0.011853731343283585
0.008753623188405796
0.008859649122807019
0.008859649122807019
0.22836515151515152
0.22836515151515152
0.009227106227106227
0.009227106227106227
0.009227106227106227
0.009227106227106228
0.00852020202020202
0.22836515151515152
0.008369111969111966
0.002169047619047619
0.0029107142857142873
0.0029107142857142856
0.0029107142857142864
0.0029107142857142864
0.002464285714285713
0.0024642857142857136
0.0024642857142857127
0.006954430379746835
0.009044827586206894
0.007799999999999999
0.0078
0.004858536585365853
0.008305405405405406
0.008305405405405406
0.008305405405405406
0.008305405405405406
0.008120547945205479
0.008120547945205479
0.00812054794520548
0.008120547945205479
0.008120547945205479
0.008120547945205479
0.004253968253968255
0.004253968253968255
0.007392617702448211
0.005132432432432433
0.008526760563380281
0.008526760563380283
0.008526760563380283
0.011652173913043469
0.014363888888888881
0.010493333333333332
0.010493333333333332
0.01251176470588235
0.01251176470588235
0.012511764705882352
0.012511764705882352
0.01251176470588235
0.008074285714285714
0.008074285714285714
0.007526415094339621
0.007526415094339624
0.007899999999999999
0.008856250000000001
0.005593023255813954
0.005593023255813954
0.008716129032258064
0.005221951219512197
0.02026808510638299
0.0021511111111111115
0.007994805194805197
0.007994805194805195
0.007994805194805197
0.007994805194805197
0.007994805194805195
0.007994805194805195
0.007994805194805195
0.007994805194805195
0.007994805194805195
0.0030558139534883717
0.03877959183673472
0.03429361702127662
0.016502127659574466
0.020072727272727277
0.22836515151515152
0.007658823529411765
0.22836515151515152
0.22836515151515152
0.00794375
0.009962068965517247
0.22836515151515152
0.053872727272727246
0.22836515151515152
0.22836515151515152
0.9767441860465116
0.007292307692307692
0.007292307692307692
0.0072923076923076926
0.007292307692307692
0.007292307692307692
0.00885625
0.007262857142857142
0.0025210526315789473
0.015324489795918366
0.006629268292682929
0.006619512195121954
0.0072190476190476215
0.006490476190476194
0.0072923076923076926
0.0072923076923076926
0.009366101694915254
0.0072923076923076926
0.04583333333333332
0.02809666666666667
0.011634492753623188
0.002416666666666668
0.003084061259217243
0.009469696969696972
0.027284545454545454
0.04074999999999998
0.017911111111111124
0.0183391304347826
0.0022443360433604333
0.0051649999999999995
0.0026375886524822698
0.22836515151515152
0.00266842105263158
0.007295900621118013
0.006030606060606061
0.005753881541115582
0.008922807017543864
0.01634769230769229
0.01634769230769229
0.01634769230769229
0.016347692307692292
0.01634769230769229
0.01634769230769229
0.016347692307692292
0.22836515151515152
0.22836515151515152
0.006382608695652174
0.007940624999999998
0.01085
0.007235555555555555
0.0375086956521739
0.03391071428571433
0.015768627450980396
0.9824561403508772
0.00830175438596491
0.04376494708994713
0.012475324675324674
0.005427184466019417
0.009967441860465115
0.001526666666666666
0.011312000000000003
0.007408333333333326
0.012272727272727274
0.0023131578947368425
0.0014916666666666665
0.0015562500000000012
0.036415384615384655
0.9795918367346939
0.0014562500000000012
0.008374193548387096
0.012656716417910451
0.009004166666666666
0.0015483870967741929
0.006355555555555557
0.012868852459016396
0.013718181818181817
0.002885365853658537
0.22836515151515152
0.22836515151515152
0.06451250000000001
0.22836515151515152
0.22836515151515152
0.22836515151515152
0.008476430976430976
0.22836515151515152
0.22836515151515152
0.22836515151515152
0.22836515151515152
0.009331501831501832
0.22836515151515152
0.22836515151515152
0.22836515151515152
0.004238095238095239
0.23800333333333332
0.009077142857142857
0.03283921568627454
0.01081967213114754
0.0066422535211267605
0.007056944444444444
0.00932758620689655
0.00745301204819277
0.008
0.0032600690448791702
0.008329870129870132
0.0072611111111111105
0.009206451612903226
0.006081395348837209
0.009585198135198137
0.04119999999999999
0.015112820512820518
0.22836515151515152
0.017804081632653068
0.05608974358974358
0.03824347826086955
0.039746666666666694
0.005483720930232557
0.00804761904761905
0.016444444444444456
0.015904000000000005
0.017428571428571432
0.018416000000000002
0.021716000000000006
0.011357692307692312
0.006894339622641508
0.01875384615384615
0.02570416666666668
0.015326530612244902
0.015804444444444447
0.032286956521739116
0.006612765957446809
0.008853061224489797
0.009036734693877552
0.010208333333333333
0.009095833333333336
0.020760869565217388
0.027368888888888908
0.013595744680851066
0.006381818181818181
0.01792173913043478
0.010535370152761458
0.1709716312056737
0.22836515151515152
0.03263578947368423
0.00643913043478261
0.0061021276595744686
0.22836515151515152
0.002613953488372094
0.037016993464052295
0.008329870129870132
0.00932758620689655
0.007829313929313929
0.0036635016835016845
0.008676190476190476
0.005834567901234569
0.00475625
0.00475625
0.004756249999999999
0.01180438829787234
0.007689552238805969
0.017821473354231957
0.0036340425531914884
0.016418425760286223
0.02762057142857144
0.000961702127659574
0.013730849673202615
0.034722222222222224
0.007161948051948053
0.0044305896805896805
0.03728380952380955
0.0020787878787878783
0.006236734693877551
0.00895238095238095
0.0014322580645161293
0.004117241379310345
0.03457021276595747
0.028629787234042577
0.008034368070953436
0.012820082815734988
0.020048979591836744
0.007030952380952382
0.04664343434343436
0.009853875338753388
0.061319696969696996
0.006597368421052633
0.006802380952380953
0.04314545454545453
0.007949206349206352
0.005652525252525252
0.007010389610389612
0.020440000000000003
0.01257333333333334
0.031502040816326515
0.017640000000000003
0.003944715447154472
0.005957575757575757
0.006986464646464643
0.041978139534883746
0.0038041666666666666
0.0015870967741935485
0.002084848484848484
0.007085714285714289
0.030663829787234066
0.006941772151898734
0.009976861702127658
0.009635555555555555
0.04711866666666665
0.008361785714285716
0.011995555555555565
0.001625806451612903
0.0015032258064516131
0.01395925925925925
0.03126666666666668
0.038463829787234075
0.0017458333333333325
0.04873831168831168
0.019096288441145286
0.0027955555555555555
0.07539499999999999
0.008978787878787878
0.006680952380952381
0.008144047619047618
0.007503030303030303
0.008392
0.02365714285714287
0.00927594936708861
0.007355538461538463
0.005424489795918369
0.024924444444444457
0.07770204081632649
0.0040085106382978745
0.012566445182724251
0.005605
0.005605000000000001
0.0013541666666666667
0.0075189189189189196
0.00712987012987013
0.007408333333333325
0.022779166666666645
0.015768627450980396
0.019119047619047615
0.008463888888888887
0.002885365853658537
0.008978787878787878
0.0066809523809523794
0.03797551020408165
0.9824561403508772
0.007503030303030301
0.03497407407407409
0.029985885167464123
0.0028000000000000004
0.0016367346938775508
0.007132467532467534
0.0012833333333333336
0.9767441860465117
0.06488385093167699
0.0021512961508248236
0.016432225705329154
0.007838888888888888
0.007793246753246753
0.03033928571428575
0.008392
0.008646575342465754
0.03200769230769235
0.012475324675324676
0.009028571428571431
0.034953191489361726
0.00751891891891892
0.009441719077568134
0.00902857142857143
0.01987344028520499
0.0068817610062893095
0.016995652173913058
0.0331918367346939
0.00830175438596491
0.02280695652173913
0.008184313725490198
0.022498113207547167
0.005230434782608696
0.008369696969696971
0.00927848101265823
0.03873191489361705
0.012868852459016396
0.008368115942028987
0.009967441860465116
0.009242553191489367
0.005927500000000001
0.01887147001934236
0.01265671641791045
0.010516216216216215
0.0058936170212765945
0.007501960784313726
0.009224242424242425
0.005695652173913044
0.006218604651162796
0.0019659574468085103
0.012641025641025646
0.014108333333333339
0.019909090909090904
0.02846666666666669
0.007269565217391303
0.016448888888888902
0.013579166666666677
0.024610336341263327
0.05941652065081353
0.12378166666666668
0.018003921568627464
0.028573333333333353
0.008179908210096887
0.03975362318840578
0.0021022222222222223
0.009072340425531917
0.009355555555555561
0.005754054054054054
0.0057540540540540535
0.00756483660130719
0.007742857142857146
0.006779591836734693
0.013545054945054945
0.004721553884711778
0.0304390643274854
0.014865501519756836
0.004253617021276597
0.007292307692307692
0.023358260869565207
0.00818030303030303
0.018531515637530062
0.22836515151515152
0.004306666666666667
0.007294832826747722
0.013098781362007168
0.03252785087719299
0.01598367346938776
0.020392156862745096
0.009097872340425538
0.007586046511627911
