0.03574339622641509
0.03656078431372552
0.022298765432098813
0.0037487804878048783
0.036119230769230806
0.0361115384615385
0.026823529411764663
0.005302941176470581
0.036384615384615425
0.031490000000000046
0.031490000000000046
0.023974545454545457
0.024872727272727276
0.025685106382978717
0.00589032258064516
0.015475362318840575
0.015475362318840575
0.014289655172413793
0.00223391304347826
0.018982456140350896
0.012696551724137937
0.01296610169491524
0.01296610169491524
0.003961904761904762
0.01974901960784314
0.02048823529411765
0.9846153846153846
0.033558690476190506
0.023658620689655192
0.01610277777777778
0.01610277777777778
0.010896551724137941
0.018497222222222203
0.020665384615384634
0.02143846153846156
0.036007843137254934
0.03600784313725494
0.03600784313725494
0.03589230769230772
0.03612400000000002
0.03594901960784318
0.03594901960784318
0.03584081632653063
0.007205970149253732
0.03065806451612902
0.022909090909090914
0.009029850746268657
0.014352826775214832
0.034686956521739115
0.01816271186440678
0.023221428571428587
0.0427681818181818
0.008823255813953488
0.9777777777777779
0.04698500000000002
0.05930322580645159
0.04698500000000002
0.05930322580645159
0.05467407407407411
0.050459259259259294
0.05047027027027022
0.062131034482758585
0.051911111111111144
0.06088965517241376
0.05930322580645159
0.05930322580645159
0.05930322580645159
0.05930322580645159
0.020367588932806324
0.05930322580645159
0.006206818181818181
0.006585185185185185
0.006585185185185185
0.006585185185185184
0.006585185185185184
0.0065851851851851835
0.006585185185185185
0.006585185185185184
0.008035443037974684
0.00939851717902351
0.008240506329113923
0.008240506329113925
0.05930322580645159
0.059303225806451594
0.00200344827586207
0.059303225806451594
0.015153846153846157
0.009036363636363632
0.013654885057471264
0.008355555555555559
0.05930322580645159
0.006585185185185184
0.05767878787878786
0.049451851851851886
0.05930322580645159
0.05930322580645159
0.05930322580645159
0.0069582089552238805
0.006919402985074628
0.0492666666666667
0.05767878787878786
0.007377777777777779
0.059303225806451594
0.0050119047619047626
0.005936111111111111
0.006011111111111111
0.05930322580645159
0.04854074074074078
0.051099999999999986
0.05930322580645159
0.05930322580645159
0.03236752519596868
0.007040000000000001
0.04011063829787237
0.0013914975845410625
0.005214117647058824
0.005214117647058824
0.009733214285714286
0.08971111111111116
0.05282857142857145
0.01046222222222223
0.01650923753665688
0.019891666666666672
0.0029994047619047617
0.007367500000000001
0.0272108843537415
0.008225531914893617
0.005453012048192771
0.020416091954022973
0.007376470588235295
0.019258620689655188
0.012397468354430377
0.021635087719298278
0.017030508474576253
0.017030508474576257
0.01703050847457626
0.010641666666666655
0.015008955223880616
0.015008955223880616
0.059303225806451594
0.05930322580645159
0.048323076923076906
0.04832307692307691
0.04832307692307691
0.048323076923076906
0.05051851851851855
0.059303225806451594
0.014982150101419876
0.006437362637362637
0.00822972972972973
0.00822972972972973
0.00822972972972973
0.00822972972972973
0.006525274725274724
0.006525274725274725
0.006525274725274725
0.009136363636363637
0.0064921052631578945
0.013916666666666671
0.013916666666666674
0.010515068493150686
0.014896774193548384
0.014896774193548384
0.014896774193548384
0.014896774193548387
0.010114705882352942
0.01011470588235294
0.01011470588235294
0.010114705882352942
0.010114705882352942
0.01011470588235294
0.00789
0.00789
0.00975820895522388
0.008157142857142858
0.008167164179104475
0.008167164179104475
0.008167164179104475
0.013366233766233767
0.016903225806451608
0.009111363636363636
0.009111363636363636
0.009510344827586207
0.009510344827586208
0.009510344827586208
0.009510344827586207
0.009510344827586207
0.013142028985507242
0.013142028985507242
0.010291764705882353
0.010291764705882353
0.01486909090909091
0.015443749999999997
0.010641176470588236
0.010641176470588236
0.015619047619047631
0.0083
0.023817777777777792
0.005765957446808514
0.0068975609756097575
0.0068975609756097575
0.006897560975609757
0.006897560975609757
0.006897560975609758
0.0068975609756097575
0.006897560975609757
0.006897560975609757
0.0068975609756097575
0.006113924050632911
0.014728888888888889
0.01764166666666668
0.015534821428571427
0.043409302325581434
0.05930322580645159
0.0057052631578947376
0.05930322580645159
0.05930322580645159
0.006147222222222222
0.009028571428571436
0.059303225806451594
0.967741935483871
0.05930322580645159
0.059303225806451594
0.004104361702127659
0.007505
0.007504999999999999
0.007505
0.007505
0.007505
0.015443749999999997
0.009171428571428572
0.0017457142857142862
0.01115111111111111
0.03278139534883724
0.031554545454545446
0.032604651162790724
0.031168181818181803
0.007505
0.007505
0.010405714285714287
0.0075049999999999995
0.017591666666666672
0.008589460784313725
0.0010041666666666664
0.00839555555555556
0.002693877551020408
0.010432558139534887
0.020427012025901945
0.013823529411764717
0.04059999999999998
0.018025641025641026
0.00513953488372093
0.0027333333333333333
0.037546933667083865
0.05930322580645159
0.0015500000000000002
0.2472541666666667
0.979591836734694
0.12437916666666667
0.014693939393939386
0.02013928571428574
0.020139285714285738
0.020139285714285738
0.020139285714285735
0.02013928571428574
0.02013928571428574
0.020139285714285738
0.05930322580645159
0.05930322580645159
0.014361337209302327
0.006147222222222222
0.02413833333333333
0.05020151515151512
0.010008510638297878
0.03801200000000002
0.014009677419354839
0.017949999999999973
0.004609230769230767
0.987012987012987
0.0136913043478261
0.006214457831325303
0.020886153846153818
0.0013677419354838711
0.010057142857142858
0.007514634146341466
0.03372222222222224
0.007876744186046511
0.0008999999999999999
0.0011419354838709676
0.03915555555555558
0.00795068493150685
0.0016250000000000004
0.004821052631578946
0.009337931034482758
0.014431578947368425
0.0016533333333333333
0.005887323943661972
0.011991780821917812
0.016493406593406597
0.006438709677419354
0.05930322580645159
0.059303225806451594
0.03899011764705883
0.0593032258064516
0.05930322580645159
0.05930322580645159
0.04788888888888891
0.05930322580645159
0.05930322580645159
0.05930322580645159
0.05930322580645159
0.04991851851851855
0.05930322580645159
0.05930322580645159
0.05930322580645159
0.0065898305084745755
0.13770000000000007
0.030012698412698463
0.035186956521739116
0.008476363636363636
0.007930769230769233
0.02596086956521737
0.010060000000000003
0.008189285714285715
0.006488484848484847
0.008456000000000002
0.012428205128205125
0.003975824175824176
0.0055463414634146346
0.006898507462686569
0.017944
0.037648000000000015
0.006173913043478263
0.05930322580645159
0.00826938775510204
0.029591836734693875
0.006982608695652175
0.006980702622464126
0.06259583333333334
0.005698630136986303
0.03312444444444447
0.010520897615708277
0.010541234221598878
0.010981468771448183
0.0061266666666666665
0.009300534759358289
0.010650216450216451
0.014030434782608696
0.02193181818181818
0.004559090909090909
0.007356581196581196
0.041295652173913025
0.0015909090909090905
0.0025695652173913044
0.002243478260869566
0.004764444444444444
0.001912195121951219
0.005760975609756098
0.019200000000000016
0.007733333333333339
0.001093617021276596
0.011469230769230773
0.01763173076923077
0.0018615794143744448
0.05930322580645159
0.3253900709219859
0.001559166666666667
0.0038086956521739116
0.059303225806451594
0.023231818181818166
0.006900000000000001
0.012428205128205127
0.010060000000000003
0.005661960784313725
0.003953846153846153
0.009035820895522387
0.0062123456790123465
0.006730666666666665
0.006730666666666666
0.006730666666666666
0.014064805194805196
0.005476315789473685
0.07624545454545455
0.0077416666666666675
0.009608333333333333
0.002095454545454546
0.00327391304347826
0.013461538461538464
0.07916666666666666
0.009186363636363635
0.008561663143058491
0.06312333333333336
0.0011354838709677416
0.007015789473684211
0.005305263157894737
0.0015225806451612907
0.022902439024390254
0.004323404255319149
0.04381395348837213
0.010326060606060608
0.0101
0.01278
0.0071213114754098365
0.0020444444444444447
0.007371882086167801
0.012056737588652482
0.0062027777777777775
0.006831428571428572
0.03781200000000002
0.006264788732394366
0.006181333333333332
0.00628888888888889
0.008510526315789472
0.028164444444444436
0.0760503105590062
0.0056112044817927175
0.005743553459119496
0.03385797101449276
0.018477455716586173
0.016986666666666678
0.00908181818181818
0.0012275862068965523
0.0013600000000000018
0.032334883720930255
0.04220930232558143
0.0075424657534246585
0.016300190476190482
0.014069875776397517
0.0027844720496894414
0.004856336681013869
0.043958139534883756
0.0010838709677419359
0.0016709677419354855
0.028788679245283017
0.009240816326530614
0.008012765957446807
0.00979389534883721
0.0016885743174924167
0.02433181818181817
0.001679999999999999
0.05317540106951869
0.006610344827586207
0.008632558139534882
0.01549853146853148
0.011079411764705883
0.006873170731707319
0.012138775510204087
0.011394805194805195
0.00874468085106383
0.0125525
0.021650000000000013
0.04878844086021503
0.004964000000000001
0.020108333333333336
0.00878918918918919
0.00878918918918919
0.0009200000000000012
0.012177142857142855
0.010092307692307696
0.01966849044166117
0.006248000000000001
0.014009677419354839
0.0019416666666666662
0.013226865671641795
0.006438709677419354
0.006612068965517241
0.008634883720930232
0.00795068493150685
0.01794999999999997
0.011079411764705883
0.010785396825396826
0.014907738095238097
0.0016844444444444435
0.020108695652173908
0.010092307692307694
0.02669166666666669
0.9795918367346939
0.005287081339712919
0.007876744186046511
0.008666666666666665
0.014654545454545455
0.012965957446808514
0.024618181818181824
0.006873170731707319
0.014925806451612901
0.0385166666666667
0.0136913043478261
0.010041176470588237
0.022595833333333353
0.012177142857142855
0.007742978723404256
0.015475
0.9743589743589743
0.9814814814814815
0.021861904761904742
0.03940000000000003
0.004612307692307691
0.008510526315789472
0.009946511627906976
0.017200000000000007
0.009629787234042555
0.014431578947368424
0.011394805194805197
0.0060695652173913045
0.011991780821917812
0.014352826775214832
0.020886153846153818
0.03228333333333336
0.008999999999999998
0.021263157894736835
0.009337931034482758
0.008997701149425288
0.006964000000000003
0.012204255319148935
0.012665714285714282
0.029097674418604676
0.0313181818181818
0.027377272727272715
0.021611529933481165
0.011
0.005008333333333337
0.040808888888888915
0.0012851063829787228
0.02034611055941741
0.009358333333333335
0.015859999999999996
0.0721664957264957
0.011748936170212769
0.023508333333333353
0.008159183673469392
0.012902222222222232
0.037366666666666645
0.03879111111111114
0.006434042553191493
0.014038297872340434
0.008652272727272729
0.008652272727272727
0.029209230769230723
0.9846153846153847
0.9846153846153847
0.9846153846153847
0.9846153846153847
0.9846153846153847
0.9846153846153847
0.9846153846153847
0.007504999999999999
0.05550340909090909
0.00450909090909091
0.002556
0.05930322580645159
0.005146630727762803
0.03989893617021274
0.00855
0.02875425101214575
0.006177777777777778
0.004521963824289404
0.014271698113207549
0.01620784313725492
