0.03649230769230774
0.032600000000000046
0.022173170731707326
0.004417721518987339
0.03278947368421058
0.03277543859649128
0.021807142857142824
0.004311904761904756
0.032023728813559284
0.029043076923076873
0.029043076923076873
0.014208695652173925
0.024007017543859678
0.02597826086956521
0.005432727272727272
0.013301265822784807
0.013301265822784809
0.013927586206896552
0.0011148936170212766
0.017800000000000014
0.011041935483870963
0.01076507936507938
0.01076507936507938
0.004818604651162792
0.02137435897435897
0.02215897435897436
0.9838709677419355
0.04706979655712055
0.03073617021276598
0.01870222222222222
0.01870222222222222
0.008009090909090905
0.01879436619718309
0.019592452830188678
0.019845283018867923
0.03165263157894742
0.03165263157894742
0.03165263157894742
0.032378947368421104
0.03158214285714289
0.03065762711864403
0.030657627118644032
0.03037142857142861
0.0059064935064935065
0.030114285714285764
0.02575294117647061
0.008339473684210527
0.014858231917336383
0.03480434782608695
0.014480555555555547
0.022887719298245637
0.041995555555555585
0.008980952380952381
0.9787234042553191
0.052183333333333345
0.0660142857142857
0.052183333333333345
0.06601428571428569
0.05455555555555559
0.05037037037037041
0.05663636363636362
0.0652
0.0518666666666667
0.06419999999999998
0.06601428571428569
0.06601428571428569
0.0660142857142857
0.06601428571428569
0.021981395348837203
0.06601428571428569
0.006093181818181817
0.007597260273972604
0.007597260273972603
0.007597260273972603
0.007597260273972602
0.007597260273972603
0.007597260273972604
0.007597260273972603
0.008241379310344826
0.009513330347813105
0.00846206896551724
0.00846206896551724
0.0660142857142857
0.0660142857142857
0.0015820895522388075
0.06601428571428569
0.013029931034482758
0.008813043478260866
0.011645220588235292
0.008756666666666671
0.0660142857142857
0.007597260273972603
0.0576242424242424
0.04993333333333337
0.0660142857142857
0.06601428571428569
0.06601428571428569
0.0057220779220779235
0.005635897435897435
0.04890370370370374
0.0576242424242424
0.007978082191780821
0.06601428571428569
0.006835820895522388
0.005875949367088607
0.005941772151898735
0.0660142857142857
0.05122307692307691
0.05210769230769229
0.06601428571428569
0.0660142857142857
0.02885106382978725
0.007677272727272728
0.03937083333333337
0.0032032421479229996
0.005045977011494254
0.005045977011494253
0.011136684782608694
0.07875351882160389
0.05279229024943313
0.011470793650793657
0.011771541501976276
0.020646808510638298
0.0030190598290598288
0.007843835616438357
0.028734042553191494
0.007711999999999999
0.006492307692307691
0.022952631578947405
0.0077448275862068965
0.018596774193548382
0.011897368421052634
0.021955172413793123
0.01723050847457626
0.017230508474576255
0.01723050847457626
0.012028125
0.013279452054794541
0.013279452054794541
0.06601428571428569
0.0660142857142857
0.049569230769230754
0.049569230769230754
0.049569230769230754
0.049569230769230754
0.050770370370370396
0.0660142857142857
0.011236577540106953
0.00516
0.00787792207792208
0.007877922077922078
0.007877922077922078
0.007877922077922078
0.0051530434782608705
0.00515304347826087
0.005153043478260871
0.009572881355932204
0.006546341463414635
0.013725000000000001
0.013724999999999998
0.011085294117647061
0.014228571428571436
0.014228571428571436
0.014228571428571436
0.014228571428571434
0.008518987341772154
0.008518987341772154
0.008518987341772154
0.008518987341772154
0.008518987341772154
0.008518987341772154
0.006176000000000001
0.006175999999999999
0.009536111111111113
0.008231034482758621
0.007714634146341465
0.007714634146341465
0.0077146341463414665
0.011056818181818176
0.017240000000000016
0.0129936507936508
0.0129936507936508
0.012535211267605631
0.012535211267605633
0.012535211267605633
0.012535211267605633
0.012535211267605633
0.013434285714285708
0.013434285714285708
0.012849230769230762
0.012849230769230762
0.013400000000000013
0.017147368421052644
0.010884848484848483
0.010884848484848485
0.01484242424242424
0.011394202898550724
0.025190909090909083
0.007452173913043475
0.007041237113402063
0.007041237113402063
0.007041237113402063
0.007041237113402062
0.007041237113402062
0.007041237113402061
0.007041237113402063
0.007041237113402061
0.007041237113402063
0.00576923076923077
0.015128888888888891
0.01949787234042555
0.015233333333333335
0.04357209302325585
0.06601428571428569
0.005609090909090909
0.06601428571428569
0.06601428571428569
0.005989873417721519
0.008515254237288127
0.0660142857142857
0.9642857142857143
0.06601428571428569
0.0660142857142857
0.00394304347826087
0.008249999999999999
0.00825
0.00825
0.008249999999999999
0.008249999999999999
0.017147368421052644
0.010262499999999999
0.0018189915966386552
0.0132061628760088
0.03508292682926831
0.03366190476190478
0.033334883720930256
0.03311904761904764
0.00825
0.00825
0.01055774647887324
0.00825
0.01539542483660131
0.008547008547008548
0.0010883720930232564
0.007345454545454542
0.0019249999999999998
0.008655813953488373
0.02131507246376812
0.009529629629629624
0.04086956521739129
0.016780000000000007
0.004850000000000001
0.002706382978723404
0.03476241134751774
0.06601428571428569
0.0019714285714285706
0.3254797101449276
0.48331063829787235
0.16823623188405792
0.013109589041095911
0.01942068965517243
0.01942068965517243
0.01942068965517243
0.01942068965517243
0.01942068965517243
0.01942068965517243
0.019420689655172435
0.0660142857142857
0.0660142857142857
0.013893639846743279
0.005989873417721519
0.02429518449030644
0.05078484848484845
0.0108695652173913
0.037968000000000016
0.011897297297297299
0.019385507246376783
0.0032130434782608698
0.9875
0.017081578947368437
0.006106024096385542
0.019242253521126754
0.0013066666666666673
0.009412
0.010383783783783776
0.02887957446808513
0.007587654320987656
0.0013679999999999994
0.00130625
0.042106976744186085
0.00803611111111111
0.0013393939393939393
0.006066666666666666
0.012253521126760564
0.011941538461538462
0.001779999999999999
0.004436559139784945
0.010748235294117647
0.011877605779153765
0.005034782608695653
0.0660142857142857
0.06601428571428569
0.030230476190476193
0.06601428571428569
0.06601428571428569
0.06601428571428569
0.05115384615384615
0.06601428571428569
0.06601428571428569
0.0660142857142857
0.06601428571428569
0.04978518518518522
0.0660142857142857
0.0660142857142857
0.06601428571428569
0.005793749999999999
0.11939883720930232
0.02917230769230764
0.03399574468085109
0.008323636363636363
0.008336363636363635
0.029157142857142885
0.01031267605633803
0.007674576271186441
0.00689107142857143
0.007368316831683168
0.011639473684210526
0.004968674698795181
0.005699999999999999
0.005630769230769229
0.015081376518218623
0.03440370370370368
0.005276595744680849
0.06601428571428569
0.009279166666666666
0.023489545454545454
0.008436363636363638
0.006304547350855236
0.056923076923076917
0.005731645569620254
0.034044444444444474
0.01205673758865248
0.012057304964539009
0.012499999999999999
0.00661371158392435
0.009438477801268498
0.010098917748917748
0.015542222222222223
0.021146666666666668
0.004252173913043478
0.007243032329988852
0.04038297872340428
0.0012500000000000005
0.0034638297872340426
0.0024222222222222223
0.005713636363636363
0.002526829268292682
0.006600000000000002
0.01944186046511629
0.009713043478260866
0.0012409090909090916
0.011096153846153851
0.016846361185983826
0.0030031943212067433
0.0660142857142857
0.3254188405797102
0.0017329268292682913
0.004749999999999998
0.0660142857142857
0.021860869565217378
0.007117391304347826
0.011639473684210524
0.01031267605633803
0.005225064599483204
0.003171428571428572
0.00835
0.006309090909090908
0.006335064935064936
0.006335064935064936
0.006335064935064936
0.01518845208845207
0.005300000000000001
0.07776198581560283
0.008580147058823531
0.013017777777777781
0.0019500000000000001
0.003343478260869565
0.013461538461538459
0.06372549019607844
0.009072727272727276
0.008547606019151848
0.06243400000000003
0.0013870967741935487
0.005602564102564103
0.00681159420289855
0.0015066666666666687
0.023330864197530915
0.004849999999999998
0.043869767441860504
0.008968627450980395
0.009922727272727274
0.012403921568627458
0.005402380952380952
0.0022355555555555553
0.006355368421052632
0.014437689969604865
0.004223913043478261
0.006167123287671233
0.035059259259259234
0.0050344827586206896
0.004867532467532469
0.0056225352112676055
0.008865753424657535
0.027795555555555553
0.08658666666666669
0.006164569083447333
0.005123717948717949
0.03135498320268759
0.01576489533011274
0.016263636363636362
0.008783333333333334
0.0013419354838709674
0.0015187499999999988
0.032953488372093054
0.04457560975609758
0.005604301075268817
0.01674418604651163
0.013251298701298703
0.0031088888888888898
0.004215686274509803
0.042718181818181794
0.0013354838709677412
0.0014624999999999998
0.027096428571428605
0.009716666666666672
0.008369565217391302
0.00962954248366013
0.001988520534388917
0.025663636363636347
0.002489361702127659
0.05191918367346941
0.008357303370786518
0.00885609756097561
0.013878735632183914
0.0105013698630137
0.007020618556701032
0.012739130434782604
0.012264864864864864
0.009156521739130435
0.011642156862745098
0.02208936170212767
0.051095555555555554
0.004977358490566037
0.020451063829787234
0.008980246913580245
0.008980246913580247
0.0013039999999999996
0.012277611940298508
0.009850000000000001
0.027639961389961387
0.006528410256410256
0.011897297297297297
0.002130612244897959
0.013115068493150691
0.005034782608695652
0.008359550561797754
0.00885609756097561
0.008038888888888889
0.019385507246376783
0.010501369863013699
0.010097062279670964
0.015306122448979591
0.0028600370027752086
0.017142857142857147
0.009850000000000001
0.02671836734693879
0.9791666666666667
0.004663519813519813
0.007587654320987656
0.008498591549295775
0.013416666666666677
0.012706382978723407
0.02368749999999996
0.007020618556701032
0.014068750000000001
0.04059130434782608
0.017081578947368437
0.008807594936708862
0.019755102040816337
0.01227761194029851
0.009312830431979365
0.017192982456140364
0.975609756097561
0.9830508474576272
0.01977619047619047
0.04114347826086955
0.0032130434782608698
0.008865753424657535
0.01242461538461538
0.01875238095238096
0.010342222222222227
0.011941538461538462
0.01226486486486486
0.006440909090909093
0.010748235294117647
0.014858231917336383
0.019242253521126754
0.033113043478260856
0.009396923076923077
0.02295384615384616
0.012253521126760564
0.012741935483870969
0.0072400000000000025
0.013077272727272727
0.013503030303030301
0.030147619047619062
0.03182272727272725
0.031200000000000012
0.019894603174603183
0.011533333333333335
0.006413333333333338
0.038187234042553225
0.001168888888888889
0.01738369501466276
0.009634042553191488
0.016520136054421763
0.07773888888888891
0.011625000000000007
0.02497916666666669
0.008510204081632656
0.013039130434782605
0.04260151515151517
0.03530434782608694
0.005995555555555558
0.015070833333333348
0.010408219178082191
0.010408219178082191
0.03214237288135589
0.9830508474576272
0.9830508474576272
0.9830508474576272
0.9830508474576272
0.9830508474576272
0.9830508474576272
0.9830508474576272
0.00825
0.05146222222222224
0.004849471458773783
0.00219622641509434
0.06601428571428569
0.005239408033826638
0.04355652173913041
0.008516000000000001
0.029316923076923077
0.006439999999999999
0.003988095238095238
0.015520000000000003
0.012303703703703695
